Sample	LIBRARY	UNPAIRED_READS_EXAMINED	READ_PAIRS_EXAMINED	SECONDARY_OR_SUPPLEMENTARY_RDS	UNMAPPED_READS	UNPAIRED_READ_DUPLICATES	READ_PAIR_DUPLICATES	READ_PAIR_OPTICAL_DUPLICATES	PERCENT_DUPLICATION	ESTIMATED_LIBRARY_SIZE
190717_A00692_0021_TL1906128_CMV30_MAN-20190712_OvationSoloRNA_L000.PE	Unknown Library	966.0	18620827.0	35242131.0	0.0	904.0	13051096.0	101639.0	0.700893	5809451.0
190717_A00692_0021_TL1906128_CMV30_MAN-20190712_OvationSoloRNA_L000.SE	Unknown Library	3490092.0	0.0	5809508.0	0.0	2294215.0	0.0	0.0	0.657351	
190717_A00692_0021_TL1906129_CMV31_MAN-20190712_OvationSoloRNA_L000.PE	Unknown Library	2214.0	15404641.0	38425785.0	0.0	2085.0	9339604.0	79444.0	0.606309	6768314.0
190717_A00692_0021_TL1906129_CMV31_MAN-20190712_OvationSoloRNA_L000.SE	Unknown Library	5460692.0	0.0	11270591.0	0.0	3942372.0	0.0	0.0	0.721955	
190717_A00692_0021_TL1906130_CMV8_MAN-20190712_OvationSoloRNA_L000.PE	Unknown Library	2562.0	15472282.0	40743232.0	0.0	2440.0	11007293.0	90929.0	0.71144	4632398.0
190717_A00692_0021_TL1906130_CMV8_MAN-20190712_OvationSoloRNA_L000.SE	Unknown Library	4572824.0	0.0	10665945.0	0.0	3418059.0	0.0	0.0	0.747472	
190717_A00692_0021_TL1906131_CMV9_MAN-20190712_OvationSoloRNA_L000.PE	Unknown Library	2061.0	15647445.0	46842146.0	0.0	1930.0	11296629.0	98795.0	0.721961	4491767.0
190717_A00692_0021_TL1906131_CMV9_MAN-20190712_OvationSoloRNA_L000.SE	Unknown Library	5563617.0	0.0	13375776.0	0.0	4333524.0	0.0	0.0	0.778904	
190717_A00692_0021_TL1906132_CMV26_MAN-20190712_OvationSoloRNA_L000.PE	Unknown Library	2889.0	13229112.0	32905212.0	0.0	2756.0	7658279.0	69526.0	0.578937	6383034.0
190717_A00692_0021_TL1906132_CMV26_MAN-20190712_OvationSoloRNA_L000.SE	Unknown Library	5707289.0	0.0	12597427.0	0.0	4124800.0	0.0	0.0	0.722725	
190717_A00692_0021_TL1906133_CMV27_MAN-20190712_OvationSoloRNA_L000.PE	Unknown Library	2603.0	14554545.0	41255655.0	0.0	2489.0	9570233.0	76286.0	0.657569	5338888.0
190717_A00692_0021_TL1906133_CMV27_MAN-20190712_OvationSoloRNA_L000.SE	Unknown Library	5456152.0	0.0	12237364.0	0.0	4088144.0	0.0	0.0	0.749272	
190717_A00692_0021_TL1906134_CMV14_MAN-20190712_OvationSoloRNA_L000.PE	Unknown Library	1722.0	20356369.0	47835194.0	0.0	1609.0	14883806.0	141076.0	0.731171	5627529.0
190717_A00692_0021_TL1906134_CMV14_MAN-20190712_OvationSoloRNA_L000.SE	Unknown Library	4761415.0	0.0	8871777.0	0.0	3446817.0	0.0	0.0	0.723906	
190717_A00692_0021_TL1906135_CMV15_MAN-20190712_OvationSoloRNA_L000.PE	Unknown Library	2531.0	14636108.0	35189816.0	0.0	2411.0	10491596.0	75329.0	0.71685	4288272.0
190717_A00692_0021_TL1906135_CMV15_MAN-20190712_OvationSoloRNA_L000.SE	Unknown Library	6866390.0	0.0	14908288.0	0.0	5041519.0	0.0	0.0	0.734231	
190717_A00692_0021_TL1906136_CMV20_MAN-20190712_OvationSoloRNA_L000.PE	Unknown Library	6304.0	13418872.0	29373136.0	0.0	6102.0	8623713.0	85599.0	0.642732	5193804.0
190717_A00692_0021_TL1906136_CMV20_MAN-20190712_OvationSoloRNA_L000.SE	Unknown Library	6823813.0	0.0	16267387.0	0.0	5137778.0	0.0	0.0	0.752919	
190717_A00692_0021_TL1906137_CMV21_MAN-20190712_OvationSoloRNA_L000.PE	Unknown Library	5433.0	13200750.0	23678504.0	0.0	5242.0	8287306.0	89844.0	0.62786	5385422.0
190717_A00692_0021_TL1906137_CMV21_MAN-20190712_OvationSoloRNA_L000.SE	Unknown Library	6948392.0	0.0	15350377.0	0.0	5243418.0	0.0	0.0	0.754623	
190717_A00692_0021_TL1906138_CMV1_MAN-20190712_OvationSoloRNA_L000.PE	Unknown Library	4278.0	13030296.0	35876805.0	0.0	4115.0	7809839.0	67589.0	0.59942	5863048.0
190717_A00692_0021_TL1906138_CMV1_MAN-20190712_OvationSoloRNA_L000.SE	Unknown Library	6529009.0	0.0	15210308.0	0.0	5044682.0	0.0	0.0	0.772657	
190717_A00692_0021_TL1906139_CMV2_MAN-20190712_OvationSoloRNA_L000.PE	Unknown Library	4383.0	12704965.0	30108039.0	0.0	4218.0	7484514.0	66715.0	0.589166	5920907.0
190717_A00692_0021_TL1906139_CMV2_MAN-20190712_OvationSoloRNA_L000.SE	Unknown Library	6421955.0	0.0	14029453.0	0.0	4850131.0	0.0	0.0	0.755242	
190717_A00692_0021_TL1906140_CMV3_MAN-20190712_OvationSoloRNA_L000.PE	Unknown Library	4001.0	13350724.0	33962919.0	0.0	3869.0	8812809.0	72508.0	0.660146	4852346.0
190717_A00692_0021_TL1906140_CMV3_MAN-20190712_OvationSoloRNA_L000.SE	Unknown Library	5858450.0	0.0	11877893.0	0.0	4642991.0	0.0	0.0	0.792529	
190717_A00692_0021_TL1906141_CMV4_MAN-20190712_OvationSoloRNA_L000.PE	Unknown Library	6312.0	12313056.0	35781565.0	0.0	6140.0	7437060.0	63563.0	0.604092	5452732.0
190717_A00692_0021_TL1906141_CMV4_MAN-20190712_OvationSoloRNA_L000.SE	Unknown Library	7400328.0	0.0	18445524.0	0.0	5806187.0	0.0	0.0	0.784585	
190717_A00692_0021_TL1906142_CMV10_MAN-20190712_OvationSoloRNA_L000.PE	Unknown Library	2618.0	15081540.0	39527498.0	0.0	2494.0	10300155.0	83333.0	0.682988	5038055.0
190717_A00692_0021_TL1906142_CMV10_MAN-20190712_OvationSoloRNA_L000.SE	Unknown Library	4857104.0	0.0	11549751.0	0.0	3676038.0	0.0	0.0	0.756837	
190717_A00692_0021_TL1906143_CMV11_MAN-20190712_OvationSoloRNA_L000.PE	Unknown Library	1304.0	10848482.0	36439021.0	0.0	1228.0	8779867.0	57460.0	0.809326	2080236.0
190717_A00692_0021_TL1906143_CMV11_MAN-20190712_OvationSoloRNA_L000.SE	Unknown Library	3030877.0	0.0	7645733.0	0.0	2548000.0	0.0	0.0	0.840681	
190717_A00692_0021_TL1906144_CMV18_MAN-20190712_OvationSoloRNA_L000.PE	Unknown Library	3153.0	14313688.0	37761844.0	0.0	2993.0	9694319.0	76900.0	0.677306	4884133.0
190717_A00692_0021_TL1906144_CMV18_MAN-20190712_OvationSoloRNA_L000.SE	Unknown Library	5256608.0	0.0	13108454.0	0.0	3990200.0	0.0	0.0	0.759083	
190717_A00692_0021_TL1906145_CMV19_MAN-20190712_OvationSoloRNA_L000.PE	Unknown Library	3275.0	15900045.0	56580053.0	0.0	3120.0	11684655.0	105782.0	0.734904	4327949.0
190717_A00692_0021_TL1906145_CMV19_MAN-20190712_OvationSoloRNA_L000.SE	Unknown Library	4883471.0	0.0	12930543.0	0.0	3725887.0	0.0	0.0	0.762959	
190717_A00692_0021_TL1906146_CMV35_MAN-20190712_OvationSoloRNA_L000.PE	Unknown Library	5255.0	11223921.0	33247829.0	0.0	5083.0	6612100.0	58298.0	0.589196	5230461.0
190717_A00692_0021_TL1906146_CMV35_MAN-20190712_OvationSoloRNA_L000.SE	Unknown Library	6267005.0	0.0	16084527.0	0.0	4895104.0	0.0	0.0	0.781091	
190717_A00692_0021_TL1906147_Corriel_MAN-20190712_OvationSoloRNA_L000.PE	Unknown Library	2194.0	47966217.0	34417166.0	0.0	2050.0	27332504.0	263561.0	0.569837	23868692.0
190717_A00692_0021_TL1906147_Corriel_MAN-20190712_OvationSoloRNA_L000.SE	Unknown Library	9844961.0	0.0	8464559.0	0.0	5364153.0	0.0	0.0	0.544863	
190717_A00692_0021_TL1906148_NTC-2_MAN-20190712_OvationSoloRNA_L000.PE	Unknown Library	56.0	40510.0	10732.0	0.0	47.0	38368.0	226.0	0.94705	2142.0
190717_A00692_0021_TL1906148_NTC-2_MAN-20190712_OvationSoloRNA_L000.SE	Unknown Library	40451.0	0.0	36118.0	0.0	34100.0	0.0	0.0	0.842995	
200612_A00692_0107_ML205836_CMV51_MAN-20200611_OvationSoloRNA_L000.PE	Unknown Library	756.0	15785327.0	36154631.0	0.0	679.0	10431140.0	104993.0	0.660818	5724011.0
200612_A00692_0107_ML205836_CMV51_MAN-20200611_OvationSoloRNA_L000.SE	Unknown Library	4221301.0	0.0	7353875.0	0.0	3029722.0	0.0	0.0	0.717722	
200612_A00692_0107_ML205837_CMV52_MAN-20200611_OvationSoloRNA_L000.PE	Unknown Library	482.0	13764904.0	33343070.0	0.0	430.0	10217235.0	91595.0	0.74227	3631821.0
200612_A00692_0107_ML205837_CMV52_MAN-20200611_OvationSoloRNA_L000.SE	Unknown Library	2683628.0	0.0	4141025.0	0.0	1843074.0	0.0	0.0	0.686784	
200612_A00692_0107_ML205838_CMV53_MAN-20200611_OvationSoloRNA_L000.PE	Unknown Library	471.0	14397957.0	33405645.0	0.0	426.0	10210005.0	97306.0	0.709132	4350489.0
200612_A00692_0107_ML205838_CMV53_MAN-20200611_OvationSoloRNA_L000.SE	Unknown Library	2050151.0	0.0	3242317.0	0.0	1371255.0	0.0	0.0	0.668856	
200612_A00692_0107_ML205839_CMV54_MAN-20200611_OvationSoloRNA_L000.PE	Unknown Library	540.0	16116677.0	32136263.0	0.0	479.0	12019147.0	105844.0	0.745761	4189214.0
200612_A00692_0107_ML205839_CMV54_MAN-20200611_OvationSoloRNA_L000.SE	Unknown Library	3327872.0	0.0	4879945.0	0.0	2297196.0	0.0	0.0	0.69029	
200612_A00692_0107_ML205840_CMV56_MAN-20200611_OvationSoloRNA_L000.PE	Unknown Library	687.0	17819148.0	34037701.0	0.0	623.0	14208356.0	117762.0	0.797367	3638867.0
200612_A00692_0107_ML205840_CMV56_MAN-20200611_OvationSoloRNA_L000.SE	Unknown Library	4879560.0	0.0	6672090.0	0.0	3673117.0	0.0	0.0	0.752756	
200612_A00692_0107_ML205841_CMV57_MAN-20200611_OvationSoloRNA_L000.PE	Unknown Library	662.0	18176381.0	34885944.0	0.0	600.0	13427014.0	122598.0	0.73871	4868771.0
200612_A00692_0107_ML205841_CMV57_MAN-20200611_OvationSoloRNA_L000.SE	Unknown Library	3286766.0	0.0	4704349.0	0.0	2203178.0	0.0	0.0	0.670318	
200612_A00692_0107_ML205842_CMV58_MAN-20200611_OvationSoloRNA_L000.PE	Unknown Library	530.0	20082904.0	32390589.0	0.0	478.0	15989634.0	134560.0	0.796183	4126068.0
200612_A00692_0107_ML205842_CMV58_MAN-20200611_OvationSoloRNA_L000.SE	Unknown Library	4168766.0	0.0	4846739.0	0.0	2923281.0	0.0	0.0	0.701234	
200612_A00692_0107_ML205843_CMV60_MAN-20200611_OvationSoloRNA_L000.PE	Unknown Library	416.0	15043685.0	30930271.0	0.0	375.0	11796618.0	99298.0	0.784159	3281606.0
200612_A00692_0107_ML205843_CMV60_MAN-20200611_OvationSoloRNA_L000.SE	Unknown Library	2671920.0	0.0	3278010.0	0.0	1850963.0	0.0	0.0	0.692746	
200612_A00692_0107_ML205844_CMV61_MAN-20200611_OvationSoloRNA_L000.PE	Unknown Library	792.0	12991400.0	31737084.0	0.0	729.0	8676048.0	88480.0	0.667838	4591804.0
200612_A00692_0107_ML205844_CMV61_MAN-20200611_OvationSoloRNA_L000.SE	Unknown Library	1975360.0	0.0	3422999.0	0.0	1285992.0	0.0	0.0	0.651017	
